 N_size      N_ia     N_pts       K11           K12           K13           K14           K21           K22           K23           K24           K31           K32           K33           K34           K41           K42           K43           K44  
       1       1       1 -6.956728E-10 -1.118933E-08  3.150525E-11  6.294662E-12 -1.118933E-08 -6.956728E-10  1.029872E-12  6.106804E-11  3.150525E-11 -1.029872E-12 -6.956728E-10 -2.632636E-08  6.294662E-12 -6.106804E-11  2.632636E-08 -6.956728E-10
       1       2       1 -6.956728E-10 -1.118933E-08  3.150525E-11  6.294662E-12 -1.118933E-08 -6.956728E-10  1.029872E-12  6.106804E-11  3.150525E-11 -1.029872E-12 -6.956728E-10 -2.632636E-08  6.294662E-12 -6.106804E-11  2.632636E-08 -6.956728E-10
       2       1       1 -4.009469E-10  7.428995E-08  9.472281E-10  5.281861E-10  7.428995E-08 -4.009469E-10 -3.641359E-10 -8.841488E-10  9.472281E-10  3.641359E-10 -4.009469E-10  9.722902E-08  5.281861E-10  8.841488E-10 -9.722902E-08 -4.009469E-10
       2       2       1 -4.009469E-10  7.428995E-08  9.472281E-10  5.281861E-10  7.428995E-08 -4.009469E-10 -3.641359E-10 -8.841488E-10  9.472281E-10  3.641359E-10 -4.009469E-10  9.722902E-08  5.281861E-10  8.841488E-10 -9.722902E-08 -4.009469E-10
       3       1       1 -3.705945E-09  1.591356E-07  2.230737E-09  8.928193E-10  1.591356E-07 -3.705945E-09 -4.905315E-10 -1.441546E-09  2.230737E-09  4.905315E-10 -3.705945E-09  1.458805E-07  8.928193E-10  1.441546E-09 -1.458805E-07 -3.705945E-09
       3       2       1 -3.705945E-09  1.591356E-07  2.230737E-09  8.928193E-10  1.591356E-07 -3.705945E-09 -4.905315E-10 -1.441546E-09  2.230737E-09  4.905315E-10 -3.705945E-09  1.458805E-07  8.928193E-10  1.441546E-09 -1.458805E-07 -3.705945E-09
       4       1       1  1.360238E-09 -2.039419E-07 -2.929950E-09 -1.212907E-09 -2.039419E-07  1.360238E-09  3.508887E-10  2.255789E-09 -2.929950E-09 -3.508887E-10  1.360238E-09 -2.145044E-07 -1.212907E-09 -2.255789E-09  2.145044E-07  1.360238E-09
       4       2       1  1.360238E-09 -2.039419E-07 -2.929950E-09 -1.212907E-09 -2.039419E-07  1.360238E-09  3.508887E-10  2.255789E-09 -2.929950E-09 -3.508887E-10  1.360238E-09 -2.145044E-07 -1.212907E-09 -2.255789E-09  2.145044E-07  1.360238E-09
       5       1       1 -2.637423E-09  2.887976E-07  4.045668E-09  1.377547E-09  2.887976E-07 -2.637423E-09 -5.274395E-10 -2.249849E-09  4.045668E-09  5.274395E-10 -2.637423E-09  2.300850E-07  1.377547E-09  2.249849E-09 -2.300850E-07 -2.637423E-09
       5       2       1 -2.637423E-09  2.887976E-07  4.045668E-09  1.377547E-09  2.887976E-07 -2.637423E-09 -5.274395E-10 -2.249849E-09  4.045668E-09  5.274395E-10 -2.637423E-09  2.300850E-07  1.377547E-09  2.249849E-09 -2.300850E-07 -2.637423E-09
       6       1       1  4.445676E-09  2.600709E-07  3.997008E-09  1.688455E-09  2.600709E-07  4.445676E-09 -1.377614E-10 -3.829706E-09  3.997008E-09  1.377614E-10  4.445676E-09  3.538868E-07  1.688455E-09  3.829706E-09 -3.538868E-07  4.445676E-09
       6       2       1  4.445676E-09  2.600709E-07  3.997008E-09  1.688455E-09  2.600709E-07  4.445676E-09 -1.377614E-10 -3.829706E-09  3.997008E-09  1.377614E-10  4.445676E-09  3.538868E-07  1.688455E-09  3.829706E-09 -3.538868E-07  4.445676E-09
       7       1       1  2.154340E-08 -4.579860E-07 -5.219860E-09 -2.212371E-10 -4.579860E-07  2.154340E-08  1.909169E-09 -3.740661E-09 -5.219860E-09 -1.909169E-09  2.154340E-08  2.183803E-07 -2.212371E-10  3.740661E-09 -2.183803E-07  2.154340E-08
       7       2       1  2.154340E-08 -4.579860E-07 -5.219860E-09 -2.212371E-10 -4.579860E-07  2.154340E-08  1.909169E-09 -3.740661E-09 -5.219860E-09 -1.909169E-09  2.154340E-08  2.183803E-07 -2.212371E-10  3.740661E-09 -2.183803E-07  2.154340E-08
       8       1       1 -2.430987E-08  4.742265E-07  5.190592E-09 -7.830402E-11  4.742265E-07 -2.430987E-08 -2.153369E-09  5.123260E-09  5.190592E-09  2.153369E-09 -2.430987E-08 -3.245873E-07 -7.830402E-11 -5.123260E-09  3.245873E-07 -2.430987E-08
       8       2       1 -2.430987E-08  4.742265E-07  5.190592E-09 -7.830402E-11  4.742265E-07 -2.430987E-08 -2.153369E-09  5.123260E-09  5.190592E-09  2.153369E-09 -2.430987E-08 -3.245873E-07 -7.830402E-11 -5.123260E-09  3.245873E-07 -2.430987E-08
       9       1       1 -2.620914E-08  5.230611E-07  5.699454E-09 -1.235071E-10  5.230611E-07 -2.620914E-08 -2.387891E-09  5.831487E-09  5.699454E-09  2.387891E-09 -2.620914E-08 -3.712828E-07 -1.235071E-10 -5.831487E-09  3.712828E-07 -2.620914E-08
       9       2       1 -2.620914E-08  5.230611E-07  5.699454E-09 -1.235071E-10  5.230611E-07 -2.620914E-08 -2.387891E-09  5.831487E-09  5.699454E-09  2.387891E-09 -2.620914E-08 -3.712828E-07 -1.235071E-10 -5.831487E-09  3.712828E-07 -2.620914E-08
      10       1       1 -2.515551E-08  5.933726E-08 -8.645444E-10 -2.092491E-09  5.933726E-08 -2.515551E-08 -1.592265E-09  8.966906E-09 -8.645444E-10  1.592265E-09 -2.515551E-08 -7.054089E-07 -2.092491E-09 -8.966906E-09  7.054089E-07 -2.515551E-08
      10       2       1 -2.515551E-08  5.933726E-08 -8.645444E-10 -2.092491E-09  5.933726E-08 -2.515551E-08 -1.592265E-09  8.966906E-09 -8.645444E-10  1.592265E-09 -2.515551E-08 -7.054089E-07 -2.092491E-09 -8.966906E-09  7.054089E-07 -2.515551E-08
