x y z
  -7.306E-01   1.942E-01  -6.547E-01
  -7.306E-01   3.870E-01  -5.626E-01
  -7.306E-01   5.419E-01  -4.155E-01
  -7.306E-01   6.438E-01  -2.277E-01
  -7.306E-01   6.826E-01  -1.762E-02
  -7.306E-01   6.547E-01   1.942E-01
  -7.306E-01   5.626E-01   3.870E-01
  -7.306E-01   4.155E-01   5.419E-01
  -7.306E-01   2.277E-01   6.438E-01
  -7.306E-01   1.762E-02   6.826E-01
  -7.306E-01  -1.942E-01   6.547E-01
  -7.306E-01  -3.870E-01   5.626E-01
  -7.306E-01  -5.419E-01   4.155E-01
  -7.306E-01  -6.438E-01   2.277E-01
  -7.306E-01  -6.826E-01   1.762E-02
  -7.306E-01  -6.547E-01  -1.942E-01
  -7.306E-01  -5.626E-01  -3.870E-01
  -7.306E-01  -4.155E-01  -5.419E-01
  -7.306E-01  -2.277E-01  -6.438E-01
  -7.306E-01  -1.762E-02  -6.826E-01
